<?xml version="1.0"?>
<opencv_storage>
<testMat type_id="opencv-matrix">
  <rows>414</rows>
  <cols>2</cols>
  <dt>f</dt>
  <data>
    1332. 1.26315784e+00 2256. 1.19183087e+00 2708. 1.26957965e+00 1591.
    2.29862165e+00 2539. 1.27731073e+00 2865. 1.25079083e+00 1699.
    1.73170733e+00 1681. 2.30597019e+00 1773. 1.11834800e+00 1371.
    1.44444442e+00 1735. 1.48140705e+00 1512. 2.32807732e+00 1681.
    2.27686429e+00 2321. 1.86858559e+00 1857. 1.64868259e+00 1664.
    1.98144519e+00 1575. 2.28056455e+00 1888. 1.39830196e+00 1451.
    2.15049505e+00 2526. 1.78830111e+00 1656. 1.98148167e+00 2723.
    1.33199191e+00 1745. 2.19301176e+00 1630. 2.24845195e+00 1588.
    1.74491215e+00 2653. 1.60261381e+00 1106. 1.20408154e+00 1943. 2.
    1711. 2.02661204e+00 1519. 1.20310283e+00 1329. 1.34210527e+00 1795.
    1.38539493e+00 2235. 2.17851949e+00 2560. 1.28337729e+00 1790.
    2.19169331e+00 1235. 1.39442647e+00 1870. 2.45895767e+00 1964.
    2.46068597e+00 2654. 1.24588776e+00 2615. 1.54850852e+00 1640.
    1.94594598e+00 1325. 1.26315784e+00 1976. 2.38498783e+00 1413.
    1.21978009e+00 1461. 1.36842108e+00 1920. 1.38665271e+00 2620.
    1.30542791e+00 1841. 2.24324322e+00 2665. 1.28688288e+00 1379.
    1.28947365e+00 1351. 1.37837839e+00 1375. 1.27499998e+00 1319.
    1.01194024e+00 2409. 2.09437561e+00 1930. 2.36098289e+00 2128.
    1.24677598e+00 1755. 2.28543329e+00 1880. 1.96693587e+00 2804.
    1.29151058e+00 1433. 1.11528814e+00 2701. 1.32329333e+00 2707.
    1.16049755e+00 1784. 1.38095236e+00 1663. 1.84960008e+00 1321.
    1.28947365e+00 1906. 2.27245522e+00 2071. 2.00384116e+00 2200.
    2.32696891e+00 2619. 1.28727269e+00 2046. 1.27936065e+00 1940.
    1.25897765e+00 1419. 1.26190495e+00 2247. 1.34501648e+00 1904.
    2.17021298e+00 1458. 1.35897434e+00 2335. 1.61156142e+00 2056.
    1.24999988e+00 1237. 1.22033906e+00 2198. 2.23818731e+00 1982.
    1.35449016e+00 2454. 1.57647061e+00 1894. 1.71981251e+00 2125.
    2.13942289e+00 1716. 1.90364790e+00 1896. 1.37903225e+00 1654.
    2.07031250e+00 2608. 1.29341877e+00 1769. 2.30350184e+00 1325.
    1.26315784e+00 1657. 2.24891615e+00 2096. 2.09887671e+00 2201.
    2.37388730e+00 2565. 1.61980474e+00 2603. 1.58830321e+00 2201.
    2.22499990e+00 1982. 2.36533785e+00 2246. 1.33684921e+00 1459.
    1.32755315e+00 2180. 1.45378685e+00 1321. 1.28947365e+00 1598.
    2.24714828e+00 2730. 1.32796574e+00 2380. 1.15100408e+00 1904.
    2.11323762e+00 1620. 2.19748664e+00 1579. 2.30920029e+00 1500.
    1.25794399e+00 1960. 1.24706876e+00 2191. 1.39569652e+00 1623.
    1.94594598e+00 1512. 2.26113963e+00 2282. 1.31908357e+00 2508.
    1.79607821e+00 2341. 1.61694551e+00 2176. 1.21188247e+00 2629.
    1.27008533e+00 2854. 1.26765680e+00 1217. 1.30939221e+00 2341.
    1.61694527e+00 929. 1.15151513e+00 2866. 1.25734842e+00 1085.
    1.06639004e+00 1932. 2.31093645e+00 1560. 1.93579483e+00 1850.
    1.58148897e+00 1937. 1.95423329e+00 2848. 1.23997808e+00 2408.
    1.32101750e+00 2074. 2.36432147e+00 1850. 2.24324322e+00 2276.
    1.30000019e+00 2554. 1.48437023e+00 2111. 2.07703733e+00 2056.
    2.02944946e+00 1824. 2.21621633e+00 1841. 2.24324322e+00 2068.
    1.33729529e+00 1807. 1.80498755e+00 2746. 1.31703341e+00 1681.
    2.30597019e+00 2793. 1.24959850e+00 2779. 1.22875810e+00 1850.
    1.34400582e+00 1968. 2.46393943e+00 2054. 1.30792797e+00 1778.
    2.11241770e+00 923. 1.11910105e+00 2499. 1.96908665e+00 1993.
    1.37604451e+00 1266. 1.39999998e+00 933. 1.15151513e+00 1660.
    1.99777293e+00 2409. 1.40276706e+00 2553. 1.27382410e+00 1788.
    1.80067277e+00 1697. 2.21135640e+00 1715. 2.25000000e+00 1787.
    2.17340732e+00 1612. 2.07363939e+00 1558. 2.05153584e+00 1551.
    2.18122005e+00 2189. 2.25832939e+00 1333. 1.15899563e+00 2477.
    1.41694403e+00 2417. 1.32807565e+00 1422. 1.24303794e+00 1351.
    1.14897954e+00 1669. 2.04623699e+00 2473. 1.41238678e+00 1792.
    1.35029089e+00 1958. 2.04229403e+00 1903. 1.41547859e+00 1715.
    2.25000000e+00 1563. 2.26923084e+00 2189. 2.25262189e+00 2320.
    1.62507021e+00 2354. 2.25641036e+00 1619. 2.02631569e+00 2560.
    1.28337717e+00 2731. 1.30225086e+00 2257. 1.24195242e+00 2276.
    1.30000019e+00 1682. 2.28797078e+00 1655. 1.79999995e+00 2259.
    1.32285190e+00 2028. 1.29033387e+00 1408. 1.10849059e+00 2488.
    1.87234044e+00 2328. 1.61944687e+00 2049. 1.23894489e+00 2380.
    1.24223828e+00 2249. 1.22045910e+00 2747. 1.31136060e+00 2400.
    1.29989970e+00 2101. 1.50895846e+00 2873. 1.23950040e+00 1856.
    1.46779037e+00 1064. 1.20979023e+00 2054. 1.30792797e+00 1390.
    1.12956226e+00 2019. 1.28958631e+00 2584. 1.49720025e+00 1230.
    1.39999998e+00 2015. 1.66001999e+00 1645. 1.94594598e+00 1709.
    1.51503384e+00 2402. 1.41394401e+00 2663. 1.21778321e+00 2608.
    1.28865302e+00 1784. 1.82113838e+00 1399. 1.27004218e+00 2706.
    1.12030911e+00 2371. 1.34854126e+00 1614. 1.89473689e+00 1310.
    1.25641024e+00 2504. 1.80071378e+00 1865. 2.11959314e+00 2186.
    1.20761240e+00 990. 1.04918027e+00 1694. 1.54145789e+00 2201.
    1.32010579e+00 1714. 1.66970694e+00 2604. 1.54741371e+00 2475.
    1.24591255e+00 2396. 1.41241682e+00 2656. 1.60183775e+00 2556.
    1.67888951e+00 2522. 1.82000005e+00 1740. 2.25476193e+00 2211.
    2.28849268e+00 1914. 1.19904840e+00 1461. 1.36842108e+00 2284.
    1.37986410e+00 1891. 2.00593448e+00 1877. 1.85428107e+00 1838.
    2.12240076e+00 2611. 1.50013864e+00 1926. 1.37143886e+00 2366.
    1.27586198e+00 1858. 1.37349379e+00 1730. 2.13078308e+00 2653.
    1.28651023e+00 1428. 1.36842108e+00 1842. 1.56733334e+00 1895.
    2.26122904e+00 1439. 1.18181813e+00 2346. 1.48971760e+00 2671.
    1.32024169e+00 1904. 2.04842949e+00 2850. 1.22879553e+00 2481.
    1.13924062e+00 2192. 1.38944566e+00 2251. 1.22996521e+00 1790.
    1.45079088e+00 2577. 1.24345708e+00 1433. 1.15257359e+00 2022.
    1.96899235e+00 1706. 2.17162704e+00 1884. 2.28966284e+00 2256.
    1.32260835e+00 1351. 1.96645606e+00 2135. 1.14014542e+00 1778.
    2.15789485e+00 2406. 1.41629720e+00 2432. 1.24478471e+00 1678.
    2.34285712e+00 1776. 2.20578766e+00 1359. 1.16535449e+00 1585.
    1.82300889e+00 2650. 1.28607583e+00 1500. 1.79809368e+00 2476.
    1.40100110e+00 1487. 2.17659569e+00 1754. 1.33575594e+00 2023.
    2.02043414e+00 2533. 1.51496410e+00 2572. 1.62359548e+00 2547.
    1.27127659e+00 1300. 1.07949793e+00 1375. 1.27499998e+00 2212.
    1.37292337e+00 2082. 1.50626135e+00 1503. 2.27272725e+00 1317.
    1.28947365e+00 1604. 1.73170733e+00 2578. 1.59045720e+00 1460.
    1.18604660e+00 1657. 2.35499978e+00 1855. 2.22348070e+00 2490.
    1.77360880e+00 1751. 1.65457284e+00 2011. 2.36111116e+00 1733.
    2.30743241e+00 2243. 1.30195379e+00 1852. 1.72231162e+00 1875.
    2.41260695e+00 2343. 1.62380946e+00 2499. 1.96908665e+00 2039.
    2.19050574e+00 1742. 2.16717649e+00 1762. 1.62247694e+00 2375.
    1.26315784e+00 1462. 2.34375000e+00 1118. 1.19444442e+00 1425.
    1.22903895e+00 2113. 1.35252774e+00 1433. 1.25245905e+00 1359.
    1.16406250e+00 1700. 2.18377852e+00 1904. 1.77974105e+00 1667.
    2.38453102e+00 1488. 1.94059420e+00 1408. 1.11252666e+00 2553.
    1.81899488e+00 2626. 1.13133061e+00 2603. 1.55973935e+00 2627.
    1.58563101e+00 1543. 2.27944732e+00 1706. 2.17162704e+00 1741.
    2.03296709e+00 1415. 1.27700818e+00 2891. 1.23820281e+00 2253.
    1.24436617e+00 2330. 1.21306825e+00 1967. 1.90476191e+00 1989.
    2.11580348e+00 2056. 1.40392649e+00 1997. 2.42514586e+00 1741.
    2.25714278e+00 1318. 1.30769229e+00 2413. 2.11819100e+00 1815.
    2.19444466e+00 1896. 2.26774597e+00 2427. 1.16376197e+00 1827.
    1.76457322e+00 1891. 1.76171410e+00 1595. 2.02302241e+00 1419.
    1.12121201e+00 1646. 2.06785917e+00 2429. 1.39602852e+00 2288.
    1.29071176e+00 1372. 1.01373291e+00 1718. 1.71557689e+00 1680.
    1.73170733e+00 2353. 2.07728982e+00 2267. 1.34518242e+00 1560.
    2.12500000e+00 2770. 1.31670821e+00 1956. 1.95121956e+00 1779.
    2.36677456e+00 1947. 2.18671870e+00 2631. 1.52099991e+00 1668.
